[[1.         0.         0.         0.         0.         0.
  0.         0.         0.         0.         0.         0.
  0.         0.         0.         0.         0.         0.
  0.         0.         0.         0.         0.         0.
  0.         1.         0.         0.         0.         0.
  0.         0.         0.         0.         0.         0.
  0.         1.         0.         0.         0.         0.
  0.         0.5483871  0.67492063 0.87       0.        ]
 [0.         1.         0.         0.         0.         0.
  0.         0.         0.         0.         0.         0.
  0.         0.         0.         0.         0.         0.
  0.         0.         0.         0.         0.         0.
  0.         1.         0.         0.         0.         0.
  0.         0.         0.         0.         0.         0.
  0.         1.         0.         0.         0.         0.
  0.         0.5483871  0.66111111 0.92       0.        ]
 [0.         0.         1.         0.         0.         0.
  0.         0.         0.         0.         0.         0.
  0.         0.         0.         0.         0.         0.
  0.         0.         0.         0.         0.         0.
  0.         1.         0.         0.         0.         0.
  0.         0.         0.         0.         0.         0.
  0.         1.         0.         0.         0.         0.
  0.         0.5483871  0.66031746 0.85       0.        ]
 [0.         0.         0.         1.         0.         0.
  0.         0.         0.         0.         0.         0.
  0.         0.         0.         0.         0.         0.
  0.         0.         0.         0.         0.         0.
  0.         1.         0.         0.         0.         0.
  0.         0.         0.         0.         0.         0.
  0.         1.         0.         0.         0.         0.
  0.         0.5483871  0.64412698 0.9        0.        ]
 [0.         0.         0.         0.         1.         0.
  0.         0.         0.         0.         0.         0.
  0.         0.         0.         0.         0.         0.
  0.         0.         0.         0.         0.         0.
  0.         1.         0.         0.         0.         0.
  0.         0.         0.         0.         0.         0.
  0.         1.         0.         0.         0.         0.
  0.         0.5483871  0.64285714 0.91       0.        ]
 [0.         0.         0.         0.         0.         1.
  0.         0.         0.         0.         0.         0.
  0.         0.         0.         0.         0.         0.
  0.         0.         0.         0.         0.         0.
  0.         1.         0.         0.         0.         0.
  0.         0.         0.         0.         0.         0.
  0.         1.         0.         0.         0.         0.
  0.         0.5483871  0.63190476 0.94       0.        ]
 [0.         0.         0.         0.         0.         0.
  1.         0.         0.         0.         0.         0.
  0.         0.         0.         0.         0.         0.
  0.         0.         0.         0.         0.         0.
  0.         1.         0.         0.         0.         0.
  0.         0.         0.         0.         0.         0.
  0.         1.         0.         0.         0.         0.
  0.         0.5483871  0.63452381 0.89       0.        ]
 [0.         0.         0.         0.         0.         0.
  0.         1.         0.         0.         0.         0.
  0.         0.         0.         0.         0.         0.
  0.         0.         0.         0.         0.         0.
  0.         1.         0.         0.         0.         0.
  0.         0.         0.         0.         0.         0.
  0.         1.         0.         0.         0.         0.
  0.         0.5483871  0.63460317 0.93       0.        ]
 [0.         0.         0.         0.         0.         0.
  0.         0.         1.         0.         0.         0.
  0.         0.         0.         0.         0.         0.
  0.         0.         0.         0.         0.         0.
  0.         1.         0.         0.         0.         0.
  0.         0.         0.         0.         0.         0.
  0.         1.         0.         0.         0.         0.
  0.         0.5483871  0.66111111 0.93       0.        ]
 [0.         0.         0.         0.         0.         0.
  0.         0.         0.         1.         0.         0.
  0.         0.         0.         0.         0.         0.
  0.         0.         0.         0.         0.         0.
  0.         1.         0.         0.         0.         0.
  0.         0.         0.         0.         0.         0.
  0.         1.         0.         0.         0.         0.
  0.         0.5483871  0.68563492 0.91       0.        ]
 [0.         0.         0.         0.         0.         0.
  0.         0.         0.         0.         1.         0.
  0.         0.         0.         0.         0.         0.
  0.         0.         0.         0.         0.         0.
  0.         1.         0.         0.         0.         0.
  0.         0.         0.         0.         0.         0.
  0.         1.         0.         0.         0.         0.
  0.         0.5483871  0.71944444 0.72       0.        ]
 [0.         0.         0.         0.         0.         0.
  0.         0.         0.         0.         0.         1.
  0.         0.         0.         0.         0.         0.
  0.         0.         0.         0.         0.         0.
  0.         1.         0.         0.         0.         0.
  0.         0.         0.         0.         0.         0.
  0.         1.         0.         0.         0.         0.
  0.         0.5483871  0.7281746  0.67       0.        ]]